PROBLEM NAME: 	a280-TTP
KNAPSACK DATA TYPE: uncorrelated, similar weights
DIMENSION:	280
NUMBER OF ITEMS: 	1395
CAPACITY OF KNAPSACK: 	637010
MIN SPEED: 	0.1
MAX SPEED: 	1
RENTING RATIO: 	72.70
EDGE_WEIGHT_TYPE:	CEIL_2D
NODE_COORD_SECTION	(INDEX, X, Y): 
1	288	149
2	288	129
3	270	133
4	256	141
5	256	157
6	246	157
7	236	169
8	228	169
9	228	161
10	220	169
11	212	169
12	204	169
13	196	169
14	188	169
15	196	161
16	188	145
17	172	145
18	164	145
19	156	145
20	148	145
21	140	145
22	148	169
23	164	169
24	172	169
25	156	169
26	140	169
27	132	169
28	124	169
29	116	161
30	104	153
31	104	161
32	104	169
33	90	165
34	80	157
35	64	157
36	64	165
37	56	169
38	56	161
39	56	153
40	56	145
41	56	137
42	56	129
43	56	121
44	40	121
45	40	129
46	40	137
47	40	145
48	40	153
49	40	161
50	40	169
51	32	169
52	32	161
53	32	153
54	32	145
55	32	137
56	32	129
57	32	121
58	32	113
59	40	113
60	56	113
61	56	105
62	48	99
63	40	99
64	32	97
65	32	89
66	24	89
67	16	97
68	16	109
69	8	109
70	8	97
71	8	89
72	8	81
73	8	73
74	8	65
75	8	57
76	16	57
77	8	49
78	8	41
79	24	45
80	32	41
81	32	49
82	32	57
83	32	65
84	32	73
85	32	81
86	40	83
87	40	73
88	40	63
89	40	51
90	44	43
91	44	35
92	44	27
93	32	25
94	24	25
95	16	25
96	16	17
97	24	17
98	32	17
99	44	11
100	56	9
ITEMS SECTION	(INDEX, PROFIT, WEIGHT, ASSIGNED NODE NUMBER): 
1	1	1008	2
2	896	1006	3
3	367	1006	4
4	690	1001	5
5	613	1006	6
6	874	1001	7
7	122	1009	8
8	486	1004	9
9	823	1001	10
10	463	1003	11
11	589	1004	12
12	325	1009	13
13	1000	1006	14
14	776	1005	15
15	123	1000	16
16	356	1000	17
17	305	1007	18
18	47	1006	19
19	645	1008	20
20	139	1000	21
21	247	1009	22
22	211	1009	23
23	100	1007	24
24	627	1004	25
25	760	1002	26
26	776	1006	27
27	475	1006	28
28	937	1007	29
29	101	1008	30
30	281	1008	31
31	751	1008	32
32	530	1006	33
33	240	1004	34
34	248	1005	35
35	768	1000	36
36	31	1003	37
37	613	1007	38
38	881	1004	39
39	367	1007	40
40	712	1000	41
41	410	1007	42
42	157	1009	43
43	824	1000	44
44	242	1000	45
45	472	1005	46
46	722	1006	47
47	775	1001	48
48	371	1006	49
49	337	1003	50
50	885	1008	51
51	204	1008	52
52	594	1008	53
53	226	1006	54
54	226	1002	55
55	921	1000	56
56	537	1006	57
57	112	1001	58
58	959	1005	59
59	392	1001	60
60	709	1006	61
61	940	1002	62
62	943	1006	63
63	79	1001	64
64	922	1004	65
65	361	1000	66
66	947	1003	67
67	861	1009	68
68	937	1009	69
69	754	1005	70
70	872	1000	71
71	636	1001	72
72	459	1009	73
73	390	1001	74
74	141	1005	75
75	111	1009	76
76	588	1003	77
77	6	1001	78
78	155	1009	79
79	723	1008	80
80	723	1009	81
81	667	1004	82
82	829	1007	83
83	487	1004	84
84	590	1008	85
85	370	1006	86
86	823	1007	87
87	173	1002	88
88	56	1000	89
89	977	1005	90
90	681	1005	91
91	689	1007	92
92	933	1005	93
93	809	1002	94
94	587	1002	95
95	686	1003	96
96	466	1000	97
97	356	1004	98
98	784	1001	99
99	862	1009	100
280	375	1009	2
281	875	1004	3
282	299	1006	4
283	969	1009	5
284	215	1005	6
285	435	1000	7
286	648	1002	8
287	515	1004	9
288	351	1001	10
289	582	1001	11
290	32	1000	12
291	901	1001	13
292	902	1007	14
293	494	1001	15
294	766	1009	16
295	602	1006	17
296	494	1008	18
297	147	1000	19
298	418	1000	20
299	628	1006	21
300	219	1006	22
301	837	1001	23
302	340	1005	24
303	441	1002	25
304	315	1006	26
305	109	1000	27
306	343	1007	28
307	616	1004	29
308	532	1008	30
309	522	1007	31
310	897	1003	32
311	514	1008	33
312	986	1002	34
313	888	1001	35
314	759	1005	36
315	323	1000	37
316	176	1001	38
317	919	1002	39
318	67	1007	40
319	503	1009	41
320	556	1009	42
321	716	1004	43
322	319	1002	44
323	471	1009	45
324	517	1008	46
325	105	1008	47
326	153	1007	48
327	140	1001	49
328	886	1004	50
329	692	1003	51
330	319	1009	52
331	560	1000	53
332	642	1000	54
333	696	1003	55
334	258	1007	56
335	250	1008	57
336	639	1008	58
337	372	1004	59
338	132	1001	60
339	856	1002	61
340	453	1007	62
341	503	1008	63
342	539	1005	64
343	819	1003	65
344	126	1002	66
345	430	1006	67
346	598	1001	68
347	696	1003	69
348	597	1007	70
349	697	1006	71
350	52	1008	72
351	652	1009	73
352	625	1004	74
353	91	1007	75
354	546	1005	76
355	317	1003	77
356	313	1005	78
357	89	1000	79
358	283	1006	80
359	917	1000	81
360	806	1009	82
361	912	1001	83
362	511	1002	84
363	168	1003	85
364	758	1000	86
365	392	1003	87
366	646	1007	88
367	114	1008	89
368	5	1007	90
369	989	1005	91
370	228	1001	92
371	131	1008	93
372	699	1007	94
373	386	1000	95
374	229	1008	96
375	621	1001	97
376	371	1009	98
377	574	1006	99
378	495	1007	100
559	283	1005	2
560	434	1001	3
561	930	1002	4
562	154	1000	5
563	123	1007	6
564	862	1005	7
565	530	1003	8
566	104	1000	9
567	779	1003	10
568	459	1007	11
569	823	1002	12
570	343	1008	13
571	246	1000	14
572	883	1009	15
573	227	1001	16
574	823	1004	17
575	32	1009	18
576	126	1005	19
577	166	1000	20
578	324	1006	21
579	361	1006	22
580	706	1003	23
581	503	1007	24
582	419	1001	25
583	195	1001	26
584	945	1007	27
585	970	1009	28
586	257	1008	29
587	41	1009	30
588	352	1001	31
589	137	1008	32
590	192	1003	33
591	41	1009	34
592	380	1001	35
593	222	1005	36
594	52	1005	37
595	656	1007	38
596	612	1009	39
597	364	1009	40
598	199	1004	41
599	826	1003	42
600	652	1001	43
601	474	1000	44
602	858	1005	45
603	480	1007	46
604	582	1000	47
605	369	1008	48
606	597	1006	49
607	633	1002	50
608	360	1008	51
609	715	1007	52
610	980	1005	53
611	652	1007	54
612	266	1009	55
613	236	1000	56
614	146	1007	57
615	50	1007	58
616	310	1007	59
617	387	1006	60
618	950	1001	61
619	94	1009	62
620	953	1006	63
621	799	1005	64
622	530	1004	65
623	422	1009	66
624	702	1004	67
625	835	1001	68
626	920	1005	69
627	73	1007	70
628	455	1009	71
629	972	1007	72
630	462	1005	73
631	392	1001	74
632	5	1008	75
633	487	1006	76
634	969	1002	77
635	735	1000	78
636	869	1000	79
637	454	1006	80
638	570	1009	81
639	290	1006	82
640	683	1000	83
641	193	1004	84
642	374	1007	85
643	842	1006	86
644	191	1003	87
645	911	1004	88
646	31	1004	89
647	40	1002	90
648	788	1002	91
649	852	1006	92
650	742	1005	93
651	446	1002	94
652	142	1003	95
653	906	1001	96
654	970	1009	97
655	843	1005	98
656	137	1004	99
657	666	1004	100
838	868	1000	2
839	203	1006	3
840	533	1002	4
841	137	1001	5
842	451	1002	6
843	155	1004	7
844	302	1008	8
845	643	1005	9
846	471	1006	10
847	224	1009	11
848	160	1004	12
849	239	1005	13
850	99	1006	14
851	673	1001	15
852	940	1004	16
853	153	1009	17
854	155	1002	18
855	488	1006	19
856	634	1003	20
857	623	1005	21
858	871	1005	22
859	208	1002	23
860	102	1000	24
861	289	1002	25
862	703	1000	26
863	295	1005	27
864	807	1000	28
865	547	1004	29
866	325	1000	30
867	859	1007	31
868	756	1005	32
869	328	1002	33
870	544	1003	34
871	990	1008	35
872	311	1005	36
873	726	1009	37
874	69	1009	38
875	4	1009	39
876	387	1004	40
877	309	1003	41
878	678	1003	42
879	634	1003	43
880	72	1000	44
881	249	1008	45
882	789	1002	46
883	94	1003	47
884	979	1009	48
885	246	1003	49
886	822	1006	50
887	107	1008	51
888	496	1000	52
889	681	1000	53
890	434	1009	54
891	755	1003	55
892	306	1004	56
893	971	1004	57
894	113	1002	58
895	773	1006	59
896	791	1009	60
897	302	1000	61
898	812	1004	62
899	542	1001	63
900	734	1006	64
901	167	1005	65
902	283	1008	66
903	681	1006	67
904	850	1005	68
905	996	1004	69
906	794	1001	70
907	33	1003	71
908	662	1007	72
909	654	1007	73
910	955	1005	74
911	916	1007	75
912	568	1001	76
913	429	1002	77
914	641	1004	78
915	879	1005	79
916	456	1009	80
917	888	1007	81
918	744	1006	82
919	702	1008	83
920	511	1000	84
921	252	1007	85
922	656	1000	86
923	874	1001	87
924	306	1007	88
925	346	1008	89
926	841	1007	90
927	66	1006	91
928	855	1003	92
929	347	1003	93
930	350	1003	94
931	581	1004	95
932	852	1005	96
933	821	1007	97
934	556	1001	98
935	252	1007	99
936	861	1004	100
1117	274	1007	2
1118	64	1009	3
1119	268	1002	4
1120	230	1001	5
1121	83	1003	6
1122	863	1008	7
1123	426	1005	8
1124	53	1006	9
1125	707	1004	10
1126	182	1005	11
1127	883	1005	12
1128	263	1003	13
1129	849	1008	14
1130	564	1008	15
1131	411	1006	16
1132	846	1008	17
1133	820	1004	18
1134	737	1003	19
1135	198	1008	20
1136	929	1006	21
1137	600	1007	22
1138	769	1009	23
1139	172	1006	24
1140	975	1006	25
1141	624	1006	26
1142	487	1003	27
1143	366	1004	28
1144	723	1007	29
1145	346	1009	30
1146	60	1000	31
1147	376	1000	32
1148	599	1009	33
1149	808	1001	34
1150	743	1007	35
1151	279	1000	36
1152	499	1006	37
1153	227	1002	38
1154	763	1002	39
1155	98	1006	40
1156	260	1005	41
1157	608	1008	42
1158	222	1001	43
1159	963	1002	44
1160	295	1008	45
1161	404	1000	46
1162	998	1008	47
1163	637	1005	48
1164	261	1008	49
1165	857	1008	50
1166	940	1009	51
1167	564	1008	52
1168	918	1005	53
1169	473	1001	54
1170	234	1000	55
1171	786	1003	56
1172	321	1000	57
1173	783	1007	58
1174	6	1002	59
1175	102	1006	60
1176	223	1009	61
1177	531	1008	62
1178	231	1002	63
1179	652	1008	64
1180	333	1008	65
1181	876	1004	66
1182	76	1007	67
1183	26	1001	68
1184	752	1006	69
1185	157	1002	70
1186	698	1008	71
1187	6	1008	72
1188	104	1001	73
1189	98	1009	74
1190	388	1005	75
1191	835	1002	76
1192	863	1006	77
1193	194	1001	78
1194	114	1007	79
1195	898	1001	80
1196	697	1003	81
1197	356	1001	82
1198	773	1008	83
1199	723	1007	84
1200	100	1009	85
1201	659	1003	86
1202	94	1005	87
1203	851	1001	88
1204	447	1008	89
1205	484	1006	90
1206	748	1009	91
1207	37	1004	92
1208	652	1008	93
1209	205	1005	94
1210	132	1007	95
1211	20	1008	96
1212	975	1002	97
1213	29	1006	98
1214	681	1004	99
1215	300	1006	100